-2.651580512998855804e-02
1.010484817152000787e-02
2.290260937519482398e-02
-4.216393015751918570e-03
2.052666195418653000e-02
2.282611143440749918e-02
1.619946238018542609e-02
-1.690803345141507876e-03
-2.727294164089856532e-02
1.542802137460100179e-03
-1.914120216029612225e-03
-2.817744059416777119e-03
-1.301626603329908080e-02
-1.825999266945628474e-02
-2.336391865453737310e-02
-3.377342714481802038e-02
2.556737531603535396e-02
4.952223289944197165e-02
4.145259841764767361e-02
2.626246876090331320e-02
1.530847726531445879e-02
2.785442584562199380e-03
-2.606847884645824981e-02
-2.670061053697552617e-02
-5.589676895948292312e-02
-2.990159822301876810e-02
3.403041789291172403e-02
-1.564292068705697147e-02
