4.968663330616538332e+01
5.872749587269217386e+01
6.406439042516845461e+01
6.783277930776698383e+01
7.080413980638145688e+01
7.319343653424620300e+01
7.521908420538132134e+01
7.696963906208958406e+01
1.333706069716164109e+02
1.473569924784845000e+02
1.541643449914320740e+02
1.592699499188299512e+02
1.632273699234129936e+02
1.667092706447996306e+02
1.696905191337741314e+02
1.722492111428933015e+02
2.528228693629090458e+02
2.777350684921793231e+02
2.872117975916188470e+02
2.932237125743653223e+02
2.984194676378212421e+02
3.025503958821882406e+02
3.049574379035969969e+02
3.100153215317625381e+02
3.893104083518676362e+02
4.318490045350409900e+02
4.595644789283256841e+02
4.610925430917687891e+02
